-0.8097375 0.49120092 0.32100913
-0.74688745 0.22219932 0.62672687
-0.56411964 0.27307716 0.77922904
-0.9628887 0.1208824 0.24131472
-0.80987394 0.008078513 0.58654827
-0.57578266 0.07493074 0.81416196
-0.8326122 -0.48439795 0.26854327
-0.61156756 -0.41654748 0.67266136
-0.40932536 -0.34906957 0.8429728
-0.47697908 -0.79882413 0.3665665
-0.39805868 -0.58933413 0.7030182
-0.36105713 -0.44753826 0.81813645
-0.033630025 -0.8815838 0.47082803
0.025020283 -0.72246337 0.69095635
0.057067577 -0.542142 0.8383468
0.2994411 -0.8691751 0.39353496
0.15136252 -0.71605927 0.68143123
0.13060974 -0.48857763 0.8626894
0.7376797 -0.51708764 0.4341071
0.62951624 -0.38152495 0.6768663
0.5269351 -0.28906113 0.79923904
0.8868382 -0.27162337 0.37381646
0.7827932 -0.25302407 0.5685188
0.5643937 -0.17570764 0.8065895
0.9167901 0.1999016 0.3457387
0.6519556 0.2621036 0.7115164
0.5019937 0.11875079 0.85668
0.73800904 0.60622174 0.29637453
0.57182986 0.50979173 0.64274645
0.37753183 0.4314649 0.81933373
0.09896577 0.9745592 0.20109737
-0.015429299 0.72775996 0.6856584
-0.07404888 0.5506196 0.8314655
-0.38319674 0.89242285 0.23820521
-0.3823683 0.7224647 0.57605493
-0.22234963 0.66504574 0.71293396
